issue;BPO;DevTo;PerlCom;PerlAcademy;PerlHacks;PerlMaven;Reddit;TPF;
 #492;  6;    3;      0;          0;        0;        0;    19;  1;
 #491;  3;    2;      0;          1;        1;        1;    20;  0;
 #490;  4;    6;      0;          2;        0;        1;    25;  2;
 #489;  4;   12;      0;          2;        1;        2;    25;  1;
 #488;  5;    5;      0;          2;        0;        4;    17;  1;
 #487;  7;    3;      0;          0;        0;        3;    18;  1;
 #486;  3;    6;      1;          1;        0;        1;    15;  1;
 #485;  5;    5;      0;          0;        0;        5;    14;  3;
 #484;  6;    4;      0;          0;        0;        1;    19;  1;
 #483;  5;    2;      0;          1;        0;        2;    16;  0;
 #482;  6;    4;      0;          1;        0;        1;    13;  4;
 #481;  4;    5;      1;          1;        0;        1;    22;  4;
 #480;  9;    7;      1;          2;        0;        0;    23;  2;
 #479;  8;    6;      0;          1;        0;        7;    21;  3;
